5554266589458896|04|2225|718
5554265271864072|06|2224|446
5554265034668927|01|2230|794
5554263549179863|10|2231|479
5554267423571664|09|2230|646
5554268432828459|01|2231|908
5554268045099018|01|2233|816
5554262284925108|06|2223|195
5554263392891572|02|2231|824
5554264405940318|11|2229|448
5554263398933081|03|2227|778
5554264430909542|09|2230|936
5554268522476312|09|2224|497
5554266795941721|08|2232|496
5554264939789095|09|2230|616
5554269251222364|10|2225|483
5554266376517791|11|2228|439
5554265342765330|07|2231|634
5554268176860166|12|2229|962
5554264059556576|11|2231|359
5554263047550483|08|2227|862
5554266795743567|02|2227|661
5554261728296362|06|2224|489
5554269407086006|05|2227|634
5554262960948776|06|2233|115
5554262479434112|08|2227|699
5554266644826488|09|2226|486
5554268267204198|09|2229|904
5554266658073605|05|2233|438
5554267357265159|07|2223|509
5554265520919764|01|2225|315
5554261234510069|03|2233|534
5554264036493209|06|2225|144
5554263652932959|10|2232|250
5554268893203819|08|2227|205
5554269073229271|02|2225|519
5554265992051632|09|2229|453
5554268173684992|01|2232|523
5554269099949822|10|2232|517
5554262439646948|06|2229|423
5554265280404523|07|2230|689
5554269246641669|05|2232|446
5554266728606980|03|2229|557
5554264775267151|01|2228|300
5554263145742886|03|2231|536
5554267603886372|09|2228|414
5554267182499464|12|2230|618
5554263524104466|04|2231|829
5554269823002965|05|2228|942
5554268414946219|08|2228|351
5554268957117085|01|2229|586
5554269516948462|12|2226|272
5554266633372430|08|2225|733
5554264631687278|01|2225|783
5554269223591672|10|2231|800
5554267609973740|10|2225|577
5554269272423468|06|2223|193
5554263486435174|05|2224|942
5554268784283579|10|2230|498
5554267913983863|07|2229|274
5554267745624138|07|2227|213
5554262503878184|03|2233|236
5554266217247312|01|2228|146
5554262346925001|12|2224|260
5554266562857851|07|2224|209
5554261719238285|02|2226|444
5554266188407835|06|2232|508
5554268959878985|05|2226|603
5554267728427223|05|2227|678
5554267274361980|12|2228|542
5554261315321996|12|2228|403
5554268427293549|11|2230|138
5554268117491078|11|2231|475
5554267419381845|05|2231|699
5554261557252746|06|2225|713
5554262069790070|01|2230|132
5554269164764548|08|2230|694
5554269884260169|07|2228|120
5554267003642760|11|2227|196
5554267892297904|08|2225|887
5554265514943629|06|2223|510
5554265004010480|04|2231|869
5554264168141947|08|2227|556
5554261136194792|07|2227|412
5554267443745565|12|2224|896
5554262242410859|09|2228|225
5554269041208857|12|2232|133
5554269135167790|05|2230|612
5554263827667370|11|2223|136
5554264871243484|05|2233|693
5554268819401717|10|2231|791
5554261700235834|01|2233|799
5554261498296692|05|2228|940
5554268862842686|06|2229|957
5554269302385339|02|2228|577
5554262868492305|05|2227|329
5554264756913088|09|2230|325
5554263645225332|01|2225|999
5554266463773827|04|2227|595
5554267105011540|02|2228|330
5554266653541505|02|2233|967
5554263669957385|09|2225|399
5554266374636818|02|2228|596
5554268887744135|09|2224|123
5554263500475580|12|2233|632
5554262111694953|08|2231|131
5554264562090622|03|2232|948
5554264123331311|01|2224|203
5554266293259630|03|2229|619
5554265538495252|03|2224|516
5554264029132919|05|2230|170
5554268876976345|09|2230|521
5554265751808995|04|2231|807
5554262243276266|03|2229|600
5554261462793985|10|2231|814
5554266718058714|01|2232|862
5554267178641984|04|2231|191
5554265943317341|03|2231|112
5554261263660354|06|2226|233
5554268906439783|11|2229|481
5554265495756912|12|2224|813
5554266357847473|04|2226|952
5554263020272624|01|2226|238
5554261799143648|11|2230|956
5554262848457806|11|2231|176
5554268626191782|01|2227|630
5554266455906678|05|2223|274
5554263790036666|12|2225|357
5554264200349786|08|2231|682
5554269027249473|01|2230|144
5554265691909647|02|2232|667
5554262050812428|03|2224|150
5554263409411849|05|2229|179
5554263536329333|10|2233|289
5554262814111771|03|2231|460
5554265404532806|12|2233|693
5554262524889498|01|2226|281
5554263049739243|03|2231|743
5554268873257528|12|2231|484
5554261354018580|07|2231|415
5554268085441714|01|2232|921
5554265472126460|01|2232|233
5554261329779426|03|2228|900
5554267651728952|03|2228|442
5554265353660196|02|2224|841
5554266065524024|11|2232|378
5554268189385623|01|2227|804
5554268030210861|09|2223|821
5554261244387516|09|2227|942
5554267937044270|03|2232|718
5554263845299359|12|2229|937
5554267463586844|11|2233|368
5554266794315066|03|2228|155
5554269748542040|08|2226|825
5554265318836171|09|2230|772
5554269546612117|05|2232|595
5554262662366406|04|2229|643
5554263989365291|05|2230|226
5554266753833098|06|2227|563
5554267877301690|07|2224|130
5554269164475063|10|2228|836
5554266041873036|10|2223|380
5554263694590403|05|2226|909
5554261283682000|10|2233|454
5554265408029287|02|2229|759
5554261560237379|01|2223|843
5554262794897227|02|2227|604
5554265404475131|09|2227|336
5554267726435277|02|2225|131
5554262062046456|01|2224|720
5554265778012232|11|2231|202
5554261617848273|04|2228|196
5554267876060189|05|2225|646
5554262726731875|11|2229|406
5554262673744136|07|2229|787
5554262454432488|04|2232|823
5554263695127544|08|2225|664
5554266432305458|12|2224|250
5554267012012881|02|2227|271
5554261241568105|04|2229|987
5554264607893771|01|2224|800
5554269727956804|08|2224|562
5554263176080918|12|2224|857
5554261767251109|01|2223|973
5554263932534023|07|2231|299
5554263215612681|04|2230|230
5554263860710371|07|2225|224
5554265499475309|04|2231|874
5554268469598056|01|2223|847
5554269010330954|11|2227|508
5554267688541602|08|2230|766
5554264009465007|05|2230|121
5554266998018547|07|2233|331
5554263077847763|07|2223|329
5554264500604472|05|2233|377
5554261302176911|09|2228|193
5554264419291534|10|2230|641
5554262833734021|01|2224|763
5554264283903438|09|2233|776
5554268185214626|07|2227|710
5554266131230738|02|2225|351
5554261644582621|11|2224|195
5554268352008738|12|2230|608
5554264822504884|07|2232|694
5554266246051677|07|2224|938
5554267035131950|09|2226|293
5554265385767553|03|2227|819
5554263611944899|08|2228|906
5554262115607473|05|2231|608
5554264555449386|10|2232|282
5554262002056995|07|2230|242
5554264291734261|09|2233|758
5554269494707116|02|2224|403
5554269078466778|07|2223|599
5554263298535643|11|2232|260
5554264712672737|05|2227|312
5554267390164481|01|2227|295
5554266388604761|11|2233|706
5554264476072862|01|2224|289
5554263226479949|11|2224|863
5554261755312107|07|2224|724
5554266903790386|10|2226|134
5554263732975357|12|2225|365
5554268175755234|01|2224|221
5554268514770384|11|2230|776
5554269752784158|02|2223|364
5554266457876301|05|2232|341
5554269725670822|09|2230|387
5554269917847897|07|2226|708
5554263705590246|01|2227|484
5554264365069203|04|2224|651
5554262530900393|07|2232|754
5554269323763454|11|2230|138
5554262229524171|07|2225|824
5554268321517256|09|2223|951
5554262967873793|09|2227|955
5554267542404379|03|2224|930
5554269464120600|12|2229|920
5554266668666911|07|2225|901
5554267481025208|06|2232|661
5554266251578048|09|2223|372
5554269793107653|01|2231|142
5554266542723654|05|2224|734
5554269774404415|11|2232|204
5554263564081123|03|2223|950
5554268875194292|05|2231|342
5554263696003487|07|2229|315
5554264129528483|09|2233|447
5554269107219260|03|2224|510
5554263119725665|10|2228|318
5554267538678736|05|2228|645
5554267893565127|10|2230|707
5554267778153816|10|2227|268
5554265647985662|03|2226|732
5554266340095272|02|2228|273
5554268932575918|08|2224|415
5554267058170416|08|2225|168
5554264681997316|12|2225|333
5554264081745583|02|2233|832
5554266652263213|07|2231|550
5554268225542449|11|2232|491
5554267703479208|05|2227|306
5554265648394622|03|2230|938
5554262947456375|01|2226|946
5554265082607015|01|2232|627
5554265263339428|02|2232|982
5554269342404896|05|2233|404
5554265182112970|08|2228|870
5554266278271654|01|2233|803
5554269975326334|10|2228|772
5554266775701907|02|2228|299
5554261135690776|10|2229|860
5554266584347250|10|2233|863
5554263658077478|04|2223|770
5554266768722065|12|2228|750
5554262389194849|08|2223|793
5554266322661189|08|2224|659
5554263208998058|09|2226|655
5554262799237015|06|2232|492
5554262936863395|08|2233|904
5554266192427094|05|2233|873
5554268602687432|05|2225|257
5554267459472308|09|2227|752
5554265133993542|11|2223|474
5554269644166155|05|2228|492
5554261175245497|07|2227|703
5554266147393636|11|2225|163
5554267947547881|09|2228|810
5554269208051410|12|2231|993
5554265771382589|11|2224|649
5554264633314484|06|2230|640
5554263793877685|12|2228|923
5554265291469135|11|2228|312
5554269816272911|11|2228|551
5554261897123932|09|2233|546
5554268794332399|01|2228|827
5554266288264355|03|2227|974
5554267921470965|02|2230|122
5554262660516150|11|2223|446
5554267450417900|10|2227|990
5554263361610088|02|2231|921
5554262735155934|03|2229|229
5554266282094341|07|2233|498
5554269296771643|12|2227|556
5554262977204419|10|2232|435
5554263818462816|02|2231|331
5554267911970324|01|2227|188
5554263337954599|02|2225|841
5554265078445795|05|2229|206
5554263137333500|07|2233|707
5554268100148381|01|2229|645
5554263266664471|11|2224|405
5554268956872842|01|2223|806
5554265762232436|04|2225|125
5554266927642894|05|2229|404
5554262441507109|09|2227|485
5554262219730066|12|2233|941
5554267301593823|01|2227|178
5554267968338645|12|2229|929
5554266087625178|05|2228|692
5554267645911674|03|2224|288
5554267272530482|08|2225|427
5554265605607353|05|2231|373
5554263632791267|12|2230|823
5554263359875741|12|2226|166
5554262560549129|01|2229|376
5554265820199855|01|2225|149
5554263377894507|07|2228|413
5554268538849732|11|2228|344
5554263375219445|10|2224|950
5554262883699051|05|2225|206
5554267517697082|05|2225|637
5554269330650774|05|2228|654
5554261652752574|08|2225|179
5554266953163335|12|2230|518
5554264015122644|10|2227|538
5554265789220376|11|2227|701
5554269352593105|01|2227|703
5554264987780816|07|2231|459
5554266509801722|09|2224|705
5554264802318973|03|2229|866
5554265718498729|07|2223|153
5554261652426149|07|2231|972
5554261246522979|08|2230|822
5554269860854779|05|2230|691
5554269740668967|03|2231|178
5554268761343136|05|2229|874
5554268151527054|05|2227|987
5554262864534247|09|2224|807
5554263994841546|08|2227|720
5554266108012726|01|2232|876
5554262366717046|03|2230|810
5554268163257457|02|2223|836
5554261933855858|07|2227|866
5554262816077522|11|2229|366
5554265986361061|10|2226|364
5554267254619225|12|2225|374
5554263635941338|01|2225|242
5554268833510971|11|2226|963
5554263786409287|08|2232|200
5554266355900952|05|2224|192
5554263095475810|12|2232|117
5554262898201556|01|2233|500
5554269599158332|09|2223|169
5554268720346387|03|2233|166
5554269127183192|03|2229|419
5554261237880432|01|2229|882
5554265904589805|07|2226|511
5554269633000498|05|2228|586
5554264395034397|02|2226|299
5554268401486274|05|2230|125
5554268910797599|04|2230|793
5554266164485516|01|2230|133
5554267321853149|02|2229|405
5554269508227494|05|2233|686
5554268783005048|07|2229|228
5554264025531100|10|2223|892
5554262064602640|10|2232|770
5554267670423710|10|2225|960
5554265968157338|02|2228|171
5554265046226983|08|2230|929
5554267694599146|12|2232|772
5554264713221240|07|2225|924
5554266667634958|02|2225|956
5554268706132260|02|2233|899
5554266556756015|12|2225|963
5554266814386916|07|2226|840
5554261706557742|12|2233|234
5554265035741883|12|2226|500
5554266149829259|06|2233|366
5554264120590720|12|2230|136
5554262371527134|07|2229|543
5554269287042790|07|2229|849
5554261262192142|03|2230|424
5554265371730732|10|2232|520
5554265096698850|05|2232|739
5554267057039473|01|2230|478
5554268328425325|05|2228|421
5554267045115068|05|2227|861
5554262186807189|02|2233|249
5554267446219961|05|2228|943
5554268805318587|10|2229|522
5554263518069850|01|2224|749
5554267798875679|03|2233|515
5554262380036066|01|2226|716
5554263360688116|05|2229|174
5554262186078988|06|2233|460
5554268295316997|04|2230|913
5554268567516164|07|2233|114
5554266344080850|11|2230|841
5554269450226024|09|2224|192
5554264840198642|12|2228|474
5554261233216724|07|2233|173
5554267429029222|10|2227|537
5554269258011521|09|2231|851
5554266288120550|08|2226|414
5554266406076145|03|2228|378
5554268285271369|05|2230|996
5554264492551551|10|2232|849
5554269915162410|07|2232|421
5554261317740224|03|2229|440
5554265023755078|04|2225|972
5554263975236532|08|2227|411
5554262047521015|09|2232|981
5554268324289339|11|2224|657
5554269352618274|08|2225|448
5554261834290125|05|2228|895
5554268864766245|09|2225|896
5554264196660736|12|2228|548
5554266458114350|05|2228|401
5554267751702011|12|2223|414
5554264636408156|11|2224|631
5554265743099814|04|2226|345
5554262401503044|06|2229|753
5554262592749981|06|2227|818
5554263949439563|09|2225|923
5554265906686651|02|2231|505
5554268394669567|09|2232|748
5554269540325267|08|2223|905
5554263626645325|05|2233|177
5554263204026575|04|2225|895
5554267532655536|06|2225|472
5554266927858773|10|2223|370
5554266814584378|10|2230|201
5554268532665966|11|2232|570
5554267123780255|05|2226|860
5554263159893456|09|2228|458
5554269022901102|05|2223|813
5554265389205143|01|2226|579
5554267507816801|11|2229|151
5554267123151047|06|2229|976
5554266056911918|12|2229|194
5554266203881396|08|2232|260
5554268553943219|11|2229|519
5554268484249195|02|2225|308
5554263876051638|07|2225|920
5554262154471304|11|2228|200
5554265533644394|08|2225|140
5554264103541787|02|2230|318
5554268900156918|05|2231|677
5554267263890372|10|2227|312
5554267289955125|12|2226|481
5554263607239852|09|2223|125
5554264125208968|09|2229|941
5554268044996737|05|2225|757
5554261290743007|09|2231|882
5554268216484243|04|2227|904
5554265381910307|11|2229|306
5554261633246905|10|2231|207
5554264152785002|05|2229|661
5554263650230436|02|2224|323
5554262947827428|05|2233|834
5554261528468686|12|2230|226
5554264671830691|11|2232|898
5554267214756106|05|2223|411
5554268816787572|01|2232|654
5554265849330483|10|2232|513
5554264241846110|01|2225|864
5554269314624200|10|2228|897
5554264765919913|07|2224|338
5554264197165129|07|2233|279
5554268309333871|01|2224|721
5554261475121760|09|2229|208
5554268822093434|06|2225|491
5554264216356962|11|2232|450
5554269437305657|02|2227|383
5554268005754077|05|2223|843
5554262201831722|09|2225|265
5554264616581918|01|2223|848
5554264404477176|11|2232|399
5554265179962835|05|2233|375
5554266277580168|01|2226|241
5554261803901419|02|2228|908
5554265556307479|12|2230|915
5554263414527863|12|2225|890
5554266488582588|07|2229|430
5554262642833973|06|2224|344
5554262546696680|03|2226|408
5554264900474591|07|2231|193
5554262466390705|08|2233|994
5554265220097049|04|2230|782
5554264237884514|04|2232|644
5554263782869508|05|2231|903
5554266879751091|08|2226|960
5554263981005743|10|2224|838
5554261249661477|06|2225|563
5554262053748194|10|2223|498
5554265595076678|11|2225|826
5554268784708798|10|2233|168
5554262420539906|04|2232|302
5554269284802995|09|2230|919
5554266970243803|01|2233|989
5554261599857253|03|2231|853
5554268606311132|11|2229|860
5554261514364981|09|2226|290
5554261165919675|09|2231|641
5554267726027392|02|2229|778
5554268335985153|09|2233|285
5554267599765627|05|2231|789
5554269576746810|09|2231|597
5554267768963617|11|2225|941
5554264801264659|08|2228|355
5554261983522316|11|2229|366
5554262682192887|02|2229|720
5554267826092295|03|2233|566
5554265153512064|10|2233|579
5554267358196901|05|2225|397
5554264388039649|08|2233|502
5554269157203344|03|2233|443
5554269439330355|03|2226|342
5554267905339813|06|2232|133
5554262063245838|03|2225|827
5554263308936968|03|2226|550
5554262002150898|02|2225|379
5554269441218426|04|2228|659
5554268209452214|08|2225|184
5554268969649807|04|2223|805
5554265672752482|07|2224|896
5554269842054242|08|2227|324
5554267626699713|11|2232|265
5554265009033054|06|2227|293
5554264775814353|10|2227|785
5554261938969507|07|2232|413
5554261443162310|12|2223|783
5554264297268539|09|2228|722
5554261955767323|05|2230|241
5554268350244228|09|2229|522
5554268836073715|12|2233|430
5554266425261278|08|2231|884
5554266222236625|01|2224|506
5554265039859043|10|2228|892
5554266064644664|01|2232|591
5554265717024786|11|2227|842
5554264041779905|08|2233|801
5554267753685243|07|2233|832
5554261204815641|10|2233|696
5554264953617802|02|2233|503
5554261822267233|05|2232|249
5554267437100221|10|2230|945
5554263077743086|04|2232|289
5554268323129854|11|2228|747
5554262133719133|03|2230|984
5554262807138925|04|2230|546
5554262399576293|06|2230|220
5554265678868518|04|2232|777
5554268319144451|09|2223|809
5554262930128540|06|2233|718
5554266226427405|01|2225|530
5554269572707075|07|2230|418
5554269733856902|10|2232|823
5554263583183925|01|2229|861
5554269894076437|12|2233|741
5554269990103350|08|2232|943
5554268388890519|12|2229|308
5554268266450804|06|2227|480
5554269984053217|11|2229|228
5554267432661878|09|2227|571
5554264156089706|06|2224|880
5554262560197267|04|2231|552
5554265296172939|05|2225|320
5554268476662238|08|2224|334
5554267323510179|03|2224|200
5554262295994800|09|2229|113
5554267612464136|02|2227|417
5554264492004408|01|2224|758
5554261518745805|09|2230|179
5554262757986632|06|2233|882
5554265748115735|08|2226|781
5554267881945079|09|2231|548
5554268354672082|09|2223|346
5554269684055739|09|2226|701
5554269879676699|10|2226|714
5554266612078280|02|2232|932
5554269439594796|01|2229|931
5554262419611444|10|2224|811
5554267837752679|07|2232|430
5554268066949382|12|2233|604
5554263845071984|11|2224|456
5554268892348105|05|2232|941
5554266092991783|08|2229|984
5554265288679356|12|2232|432
5554266083691860|01|2232|248
5554264446326757|06|2231|920
5554262712231247|02|2223|788
5554264930271947|12|2230|766
5554264129025120|06|2233|853
5554266027072776|04|2231|523
5554265534632736|01|2229|694
5554265733305339|05|2229|206
5554261501233524|08|2223|810
5554261360176871|03|2230|450
5554266500274842|03|2229|318
5554261223353489|11|2231|469
5554268137699044|06|2233|406
5554263173244886|03|2231|540
5554264506798288|10|2227|124
5554268038314313|06|2230|329
5554266457514003|03|2225|980
5554264690508583|05|2231|318
5554267339958640|10|2232|545
5554264181967725|04|2232|566
5554261699573941|04|2233|894
5554269340503556|04|2224|273
5554266522587708|04|2231|452
5554268904411949|06|2225|989
5554267546522122|09|2227|327
5554269991356103|05|2230|979
5554265052339233|09|2232|654
5554261311635150|09|2225|962
5554265991848421|01|2232|627
5554266797554678|02|2229|177
5554267013147029|04|2227|723
5554264884241396|07|2227|221
5554269585134786|04|2228|544
5554262897933979|07|2230|132
5554264620236982|08|2230|114
5554262116984785|03|2227|141
5554261270338512|05|2223|604
5554261382447729|07|2232|388
5554267607765405|02|2232|758
5554266091621627|01|2229|167
5554266359659877|07|2230|688
5554261680216246|01|2230|175
5554265224950542|06|2231|409
5554269994353804|05|2228|772
5554267484261319|02|2227|382
5554269337742534|10|2231|563
5554267826525198|12|2232|765
5554263553997724|04|2227|621
5554262980219465|07|2232|677
5554262477905844|10|2225|833
5554269747586700|11|2226|538
5554261202653584|12|2225|582
5554266492415984|09|2223|613
5554264661102986|01|2223|879
5554263320096852|08|2223|173
5554261235176225|04|2225|762
5554263559869006|07|2224|307
5554268567779310|01|2231|440
5554266866793380|11|2226|336
5554263801817824|04|2225|974
5554261216857838|10|2225|596
5554264258856216|02|2229|563
5554261379884900|02|2226|759
5554261534853528|07|2226|921
5554264747631430|02|2233|267
5554267871986842|12|2231|421
5554268925627719|12|2230|944
5554261903297580|08|2227|691
5554267359500107|08|2223|728
5554262928802934|08|2229|244
5554268922144035|09|2231|887
5554262001377670|05|2223|223
5554262499033331|12|2231|707
5554267218955870|03|2225|853
5554262077804625|08|2230|182
5554269917498640|03|2232|995
5554265847121785|08|2226|252
5554266632562806|06|2233|433
5554264708015498|01|2225|473
5554261949332627|04|2227|765
5554261189259853|09|2230|755
5554265446785053|12|2233|626
5554262216276416|12|2225|950
5554262347141841|07|2230|557
5554262703497643|10|2228|445
5554269328068214|01|2225|979
5554263607316527|11|2223|254
5554265850362172|11|2228|928
5554262256768969|10|2232|422
5554263771066884|08|2228|389
5554264995833765|06|2227|384
5554265728934686|09|2223|315
5554267420171178|12|2228|240
5554261292709548|03|2225|721
5554266737410250|05|2230|229
5554261415080699|06|2223|499
5554266788801271|09|2232|805
5554268597995121|12|2225|512
5554265388224356|04|2231|312
5554262562692288|11|2227|387
5554262712764699|01|2230|343
5554268621426945|03|2233|401
5554268037680331|12|2223|978
5554265845768679|08|2229|945
5554264632180556|06|2227|730
5554263866452139|10|2226|675
5554263845482445|07|2223|413
5554262780755902|05|2231|989
5554262550663932|04|2230|343
5554269668423775|03|2227|606
5554263622677562|09|2224|607
5554263304129610|10|2225|202
5554269906992813|01|2224|657
5554261536685849|04|2229|316
5554265750081290|11|2223|357
5554266651569721|01|2227|197
5554262585055383|11|2229|380
5554261146015505|10|2230|594
5554266778814463|09|2225|646
5554262152214712|05|2231|671
5554268787021448|01|2229|529
5554261735051736|10|2230|659
5554269165973866|04|2223|520
5554269363351289|10|2231|974
5554267959651833|09|2223|730
5554269783751078|12|2226|833
5554265971888793|01|2233|963
5554261859129115|01|2225|130
5554262267007018|05|2230|761
5554261119261141|11|2226|515
5554262766268845|10|2227|758
5554261126685933|07|2225|348
5554261312909866|02|2223|835
5554269924322359|03|2231|784
5554261653966641|07|2230|173
5554263894734469|01|2229|404
5554268610668266|01|2225|265
5554267371768292|07|2233|770
5554265239250890|11|2231|981
5554264431979183|12|2227|693
5554265070075579|05|2223|867
5554263536564544|01|2228|939
5554263601292389|05|2223|874
5554265892062825|03|2229|155
5554269054468984|10|2233|775
5554264257801103|03|2224|580
5554264790425797|06|2233|536
5554264468665585|02|2231|813
5554264299469831|11|2231|570
5554267797006247|04|2225|618
5554268113619174|12|2230|614
5554267926684438|06|2223|385
5554263635242934|12|2233|632
5554264718853433|03|2225|959
5554268487332789|06|2227|130
5554268593871004|02|2224|674
5554269466735433|08|2230|158
5554264392139880|01|2233|499
5554262846959575|11|2224|675
5554261366025550|06|2231|317
5554266335433922|12|2228|975
5554269282041153|03|2229|258
5554265023451125|02|2228|322
5554268871372953|08|2231|523
5554268031593983|11|2232|877
5554262023403048|05|2231|549
5554261811173449|12|2223|600
5554261856614850|10|2233|835
5554263404486210|09|2232|322
5554263650912792|05|2231|830
5554268050443827|01|2223|346
5554269356089858|06|2233|186
5554268002592299|03|2231|455
5554269868135443|01|2225|157
5554265593265789|05|2226|253
5554269640505405|07|2224|253
5554267711987633|06|2225|852
5554262867766378|05|2223|157
5554266781573776|07|2226|380
5554262423109719|05|2226|455
5554263852587194|08|2225|289
5554267529606431|07|2230|538
5554261481517565|08|2223|185
5554268519399030|09|2233|450
5554264990921760|03|2230|247
5554266470917039|03|2227|526
5554264013583512|11|2232|620
5554263427093822|06|2233|470
5554263565317700|08|2228|636
5554266225960917|11|2225|709
5554269476933155|08|2229|949
5554269645337531|04|2226|921
5554265093217386|06|2226|525
5554263263562826|02|2223|578
5554266070050425|07|2225|530
5554266520088962|03|2233|160
5554262816234077|10|2229|372
5554265450230310|08|2228|336
5554266451247218|01|2232|991
5554269416338008|01|2232|112
5554269977747420|03|2233|965
5554262966143995|06|2233|500
5554269534459296|11|2223|461
5554263305931231|02|2233|580
5554267846026893|11|2233|510
5554266639462995|07|2226|909
5554266524932906|01|2224|888
5554266059323281|02|2230|534
5554269724199659|08|2227|296
5554262318070148|04|2230|313
5554264185925568|11|2230|486
5554265222904323|06|2225|796
5554262395368794|03|2228|601
5554269432221866|06|2228|945
5554262807273464|02|2229|361
5554261177284610|10|2229|598
5554265683522386|08|2230|365
5554264803629883|02|2226|997
5554268895856138|07|2233|853
5554262930016327|03|2232|635
5554267102883517|04|2231|498
5554264030801508|10|2227|688
5554265353535171|12|2232|556
5554267028937366|08|2224|150
5554265832022456|07|2228|243
5554262725461202|04|2223|184
5554268239714032|03|2228|453
5554264181739408|12|2232|397
5554262151616150|10|2224|856
5554263914570307|11|2233|384
5554269964441089|10|2230|448
5554267397994034|04|2224|748
5554261949946720|03|2226|377
5554261373352670|11|2225|788
5554261989212249|09|2233|788
5554266936188545|08|2223|276
5554263343823451|04|2226|122
5554263308749470|09|2232|206
5554261408787074|01|2231|317
5554262305090412|06|2225|387
5554266179719933|05|2227|710
5554265139911570|03|2232|177
5554264535672816|10|2228|566
5554263789824098|12|2226|919
5554265155930283|08|2227|511
5554264314002259|01|2226|455
5554263456890684|03|2224|175
5554267524898169|01|2226|852
5554261529153242|08|2227|783
5554268078273652|01|2227|988
5554264001759612|08|2225|440
5554267291785284|09|2230|904
5554269491209358|07|2229|910
5554266092748995|11|2227|408
5554267575874452|10|2228|356
5554265338621651|08|2223|588
5554262235249411|05|2228|313
5554268951561592|12|2232|452
5554268593288066|08|2231|750
5554264482489947|02|2228|306
5554262528379919|09|2227|444
5554265407631316|05|2233|948
5554264442887940|07|2226|998
5554261567849363|02|2233|834
5554268812382361|08|2224|907
5554262254632470|03|2233|280
5554265388295035|04|2228|935
5554262642460140|03|2232|156
5554269108242355|09|2231|467
5554267859625760|09|2227|785
5554261832306388|11|2230|184
5554265259190437|10|2232|907
5554266663371694|01|2228|851
5554263743857214|12|2223|299
5554267884263325|03|2227|430
5554265086462378|05|2233|974
5554265336673242|06|2225|782
5554265810252012|05|2227|311
5554267498037443|07|2223|181
5554263105424983|12|2226|744
5554269858015626|03|2225|206
5554269289761638|06|2228|620
5554268170733121|01|2232|425
5554266829468061|02|2223|212
5554262481839208|12|2227|642
5554261973009117|09|2231|604
5554263641983473|10|2224|666
5554264273734757|05|2229|832
5554269024346852|12|2229|525
5554262603212006|03|2228|627
5554268622704418|04|2224|346
5554268382994784|02|2226|321
5554269235237560|07|2223|632
5554266134058913|08|2227|884
5554267420189924|03|2233|219
5554267999053712|05|2231|670
5554269911824256|07|2233|477
5554265784112687|02|2231|997
5554261313374216|07|2227|677
5554262931982879|11|2223|695
5554267477107390|08|2232|498
5554269167980108|10|2225|505
5554265164296419|02|2226|170
5554265260162528|05|2229|384
5554261677476907|10|2226|575
5554262858936599|05|2227|752
5554265460259087|08|2225|553
5554262645802626|01|2223|533
5554267318918345|09|2226|264
5554266639228223|08|2224|593
5554268009490642|09|2224|398
5554266798337857|02|2228|466
5554265167734503|03|2225|112
5554269464741392|06|2228|119
5554264149360331|02|2228|179
5554268154700935|11|2226|115
5554267118915087|03|2228|136
5554267583748619|04|2233|596
5554262244500334|11|2225|697
5554267744797459|01|2229|394
5554261771144045|07|2229|900
5554261832541709|04|2233|696
5554262944214046|01|2232|867
5554266437732809|07|2227|445
5554262621276437|01|2224|810
5554263401407546|04|2229|655
5554261873568268|07|2232|782
5554267755091011|07|2230|638
5554268984466771|02|2230|916
5554268631526265|01|2224|524
5554263672475172|07|2223|185
5554267803429903|04|2224|301
5554262385437594|07|2223|349
5554262806765216|07|2230|248
5554266731630258|02|2224|547
5554269208712781|11|2228|781
5554268410852817|09|2226|820
5554261525642253|07|2230|211
5554264509053724|04|2224|976
5554269219615696|01|2233|614
5554269393519819|12|2231|287
5554267843227780|04|2232|917
5554266039767094|10|2228|672
5554267577718493|10|2233|431
5554264939440233|01|2228|578
5554268794327839|08|2223|928
5554264974129404|12|2226|423
5554265131615920|01|2229|683
5554268099265048|04|2233|692
5554262086142596|08|2224|168
5554263972655109|04|2229|618
5554264533483953|10|2231|473
5554261532054841|11|2228|273
5554269317363575|01|2227|480
5554267980472631|06|2231|559
5554263574403170|06|2226|871
5554269688206318|11|2231|666
5554264236402536|07|2233|271
5554269396528143|03|2230|249
5554263649448750|01|2223|856
5554264767006582|04|2226|286
5554269066171677|07|2233|498
5554269420762985|06|2229|734
5554263081599468|02|2231|432
5554261890595857|07|2233|424
5554264561364707|08|2225|366
5554264592089782|12|2227|467
5554268132396969|04|2225|388
5554267506557750|11|2225|525
5554267203596895|08|2227|172
5554268506692967|06|2230|222
5554261569303492|07|2224|301
5554267052180418|06|2228|565
5554268101488583|09|2227|781
5554268749384021|08|2227|879
5554262660261268|08|2227|492
5554268953558170|11|2224|441
5554266695430608|06|2232|111
5554267436760526|12|2227|218
5554269517879548|01|2229|286
5554266252045968|10|2227|403
5554267344207349|03|2227|811
5554266957314767|12|2233|708
5554261120777130|10|2223|925
5554261253573436|07|2228|869
5554265158903328|09|2226|251
5554266719967363|02|2233|502
5554266524413848|07|2233|785
5554266372693449|07|2231|573
5554264474680066|03|2225|570
5554265384348021|03|2229|259
5554261644391854|03|2232|903
5554265045402785|06|2223|172
5554265766982343|10|2225|348
5554261207527731|05|2230|543
5554261593775515|12|2227|518
5554269223803487|02|2224|623
5554261156416860|03|2229|503
5554264450359524|11|2224|802
5554266400728132|12|2223|859
5554261704926108|02|2228|744
5554269082119280|09|2227|115
5554265177669764|10|2227|722
5554261861333909|05|2225|643
5554268265104849|12|2224|665
5554262294607714|01|2232|346
5554262251116862|03|2232|904
5554263622589853|08|2232|411
5554268246536647|08|2226|190
5554269845150746|07|2228|149
5554262817003747|02|2227|563
5554264158530412|04|2224|537
5554268383065817|12|2228|558
5554269753419785|07|2226|620
5554261581334918|06|2224|995
5554268418362752|09|2224|144
5554266958401105|03|2224|383
5554266225906304|05|2233|941
5554269989074939|06|2230|487
5554265034679983|03|2226|407
5554265958143367|10|2224|734
5554268925562694|07|2227|523
5554262683625067|01|2228|567
5554264368269264|11|2233|156
5554266058112732|11|2231|721
5554268981530052|02|2226|818
5554266964055335|12|2233|858
5554269206083207|09|2230|828
5554269894130974|05|2223|325
5554266619645504|02|2230|599
5554261189968141|04|2233|938
5554267397486277|05|2225|463
5554261917230572|05|2228|591
5554263781924907|10|2227|670
5554261237341338|04|2230|408
5554265038181669|07|2227|893
5554262247332719|05|2232|238
5554267201843237|02|2232|609
5554261806390387|03|2229|184
5554266544704548|06|2223|826
5554266000153956|08|2224|236
5554267978108596|03|2225|572
5554266610490836|08|2224|909
5554263691570341|04|2224|817
5554263247079511|08|2224|984
5554269850939240|04|2227|936
5554261328592734|10|2229|641
5554269841531750|11|2226|676
5554264426300067|02|2233|429
5554262792674353|07|2233|751
5554261175594546|02|2230|114
5554267782567526|06|2223|842
5554266766073672|11|2227|433
5554263450457555|02|2229|769
5554261202494262|05|2226|860
5554261417481203|11|2226|986
5554269299739504|03|2229|916
5554268279363131|10|2226|969
5554261754450254|07|2232|757
5554267233885733|06|2227|996
5554262809767287|09|2227|932
5554261885510018|12|2224|143
5554262298711653|11|2223|766
5554269558350244|05|2224|669
5554268303227522|06|2228|501
5554265982437294|05|2231|658
5554264943722426|01|2227|507
5554267478770093|12|2226|532
5554261276130533|02|2226|566
5554265973651641|08|2233|567
5554263720914237|06|2230|242
5554268566865144|10|2227|195
5554267634305698|05|2227|563
5554264949779452|11|2227|152
5554263358176740|04|2231|696
5554269752728078|05|2224|433
5554265476143799|03|2224|533
5554266826338342|10|2230|997
5554268239645386|09|2223|307
5554268736133140|01|2226|250
5554268328064201|09|2232|517
5554268152593222|10|2228|776
5554261325086708|03|2230|380
5554265045351770|09|2227|302
5554263452225202|05|2232|171
5554262080706267|03|2228|617
5554263405943283|06|2233|613
5554266973045001|12|2230|543
5554264592820330|06|2229|587
5554264960576949|04|2228|641
5554262609391091|08|2223|560
5554268543423270|03|2232|253
5554264480339110|10|2223|707
5554265077325570|12|2223|386
5554268474060818|02|2232|175
5554269779658493|06|2229|315
5554263513562483|08|2228|968
5554269298347751|06|2225|513
5554268230152787|05|2228|413
5554264351517839|12|2227|480
5554262117220190|09|2226|651
5554265989859059|05|2232|927
5554264190920706|05|2230|264
5554269826951792|11|2231|417
5554264864232194|03|2223|748
5554266672883094|09|2228|663
5554263076832097|05|2229|340
5554269043554320|07|2226|447
5554263320368783|08|2225|371
5554261554376712|08|2231|279
5554262421197428|02|2227|417
5554263821150226|03|2223|673
5554262719918731|06|2227|224
5554268215699025|05|2232|390
5554266591422105|02|2231|129
5554264598290550|05|2232|422
5554269212797162|04|2223|852
5554267923654188|09|2223|296
5554263846669320|05|2228|212
5554267901108978|04|2223|198
5554266381596864|04|2229|797
5554265334433606|12|2229|330
5554264565124413|03|2227|373
5554266149999201|09|2223|529
5554268613950522|11|2229|831
5554263032094237|10|2226|120
5554265879303590|07|2229|800
5554265892497600|04|2230|316
5554267502891349|04|2224|335
5554264489814187|04|2233|892
5554262810233636|05|2228|543
5554266489494499|02|2224|624
5554265909874641|09|2224|209
5554268787136576|07|2233|241
5554265762797715|12|2223|524
5554268708663542|04|2225|357
5554265446744140|06|2231|348
5554263680754350|08|2228|413
5554268492623469|08|2223|876
5554262793429291|09|2233|795
5554268642833968|11|2225|515
5554265874990704|01|2233|390
5554268101799070|10|2231|444
5554265962539475|03|2225|949
5554261627660686|10|2224|469
5554264508700457|10|2227|971
5554263304717912|05|2225|502
5554265177390844|06|2231|227
5554265611086449|10|2232|591
5554266461048663|12|2227|179
5554261436727946|03|2224|447
5554265245823803|06|2226|836
5554266329581443|01|2226|518
5554261215804064|09|2228|649
5554261720522789|05|2232|453
5554266418458298|11|2231|792
5554268234253286|10|2232|307
5554269540242649|06|2232|575
5554269856069236|03|2231|554
5554269073302668|11|2232|313
5554265222109113|10|2227|753
5554261728797347|06|2228|346
5554262230380812|10|2224|945
5554269661616682|08|2228|461
5554265689114367|03|2228|143
5554268990809367|01|2230|216
5554266131950111|03|2226|847
5554266461182106|08|2232|957
5554267058319832|12|2229|400
5554261421750623|04|2226|757
5554266681848970|02|2229|677
5554267408231520|11|2227|192
5554262415842439|01|2229|562
5554266420770837|06|2233|603
5554264877096409|05|2229|973
5554266810458680|07|2228|124
5554263602002371|03|2233|854
5554261613928930|03|2225|397
5554267292536335|05|2231|200
5554268580333057|12|2228|166
5554268255366667|08|2225|250
5554263162943567|08|2228|464
5554264665484785|04|2228|687
5554262531475621|05|2231|650
5554261500627385|10|2229|984
5554261257956150|12|2224|546
5554267115588464|02|2223|241
5554262777058391|01|2223|146
5554261488940979|09|2224|487
5554261486011156|03|2230|381
5554265606225618|06|2227|757
5554268543564488|04|2232|569
5554266370888920|09|2229|622
5554266631894915|03|2225|475
5554268625057246|01|2223|867
5554266040401297|09|2224|122
5554266213184006|03|2233|576
5554265532435614|07|2225|747
5554269206507823|01|2228|280
5554264466602734|08|2223|205
5554263153422168|04|2229|341
5554268859620904|04|2232|788
5554266563148837|02|2229|705
5554265254366026|12|2228|796
5554262385657365|06|2232|233
5554269416868020|10|2224|900
5554265051453277|04|2231|141
5554264191657102|06|2233|406
5554261731239397|05|2226|312
5554269637352179|02|2230|354
5554269816347595|10|2225|752
5554268098366746|11|2232|793
5554269600248313|10|2233|808
5554267477365594|03|2225|453
5554269466217285|05|2230|167
5554267417792164|09|2225|260
5554262459513591|07|2224|199
5554268091375501|06|2230|289
5554265229667313|04|2224|156
5554267283467338|11|2231|928
5554261695867097|01|2226|848
5554261992437329|06|2223|365
5554262917070727|05|2223|750
5554268397738003|11|2227|873
5554268407883059|04|2230|564
5554261310449754|01|2230|503
5554269474702274|10|2225|542
5554261985706510|04|2226|204
5554266794101430|03|2229|709
5554266968173467|10|2228|141
5554262821230269|07|2223|908
5554262154246397|09|2232|391
5554268014174148|01|2226|250
5554267340321256|09|2223|150
5554264290356363|10|2226|951
5554264587663077|12|2232|780
5554261674017372|03|2230|825
5554268088604455|09|2229|513
5554267384442315|11|2228|574
5554266266090771|12|2230|852
5554269649311351|01|2228|917
5554261884323111|06|2233|372
5554263075641422|02|2225|973
5554266781584209|11|2231|969
5554261916098796|04|2229|461
5554268927763785|08|2227|250
5554266018509012|02|2224|663
5554265332419245|09|2224|590
5554266053854856|11|2231|992
5554268157711880|06|2229|336
5554264467199491|08|2225|212
5554266473483143|08|2233|415
5554262916013897|08|2229|753
5554263571919313|10|2230|536
5554266201609625|03|2229|627
5554263397657466|04|2230|338
5554267992650443|04|2225|419
5554265826193030|11|2227|441
5554266930607273|05|2231|200
5554266366366144|01|2232|369
5554264735136888|10|2231|576
5554269933634099|05|2225|336
5554267549868042|10|2229|634
5554264907543456|03|2223|676
5554267392055268|10|2226|717
5554267095678124|03|2233|624
5554264907357972|03|2223|924
5554269975042394|11|2231|774
5554262707190549|04|2228|449
5554267179962932|09|2229|556
5554268547693719|10|2225|696
5554269446283447|04|2229|289
5554265947315423|08|2233|509
5554269598976915|12|2223|681
5554265989630358|10|2224|181
5554262010190785|03|2232|870
5554269748150735|07|2229|241
5554268711257028|03|2228|974
5554264906752698|05|2233|332
5554268570999926|06|2225|833
5554264090895360|07|2226|867
5554268135423638|09|2227|478
5554269979788923|03|2228|645
5554265434578444|07|2230|373
5554264930195705|05|2227|954
5554266939639788|05|2227|852
5554269569132857|10|2226|600
5554268179951021|03|2224|297
5554264017151898|01|2226|714
5554264811646121|09|2230|940
5554266717395436|02|2230|246
5554265381468431|03|2223|466
5554263675498249|03|2225|992
5554266597418235|09|2232|728
5554267502496570|12|2231|416
5554265446291127|10|2227|455
5554264650359073|06|2229|242
5554262701907578|11|2233|575
5554266058145850|05|2225|926
5554266962850783|06|2223|752
5554265593574815|12|2233|142
5554269370666150|01|2226|849
5554262129154274|06|2232|583
5554265647686819|03|2226|575
5554267439081549|08|2233|613
5554269833589155|04|2224|757
5554261391535087|10|2228|764
5554263686207516|04|2230|990
5554264736113293|10|2230|252
5554267541426503|02|2229|614
5554265356329429|12|2231|285
5554261670928640|07|2230|362
5554262272058876|12|2232|956
5554265672705677|02|2227|579
5554266999759561|06|2224|139
5554262902878985|03|2223|461
5554267938501931|05|2231|347
5554268178408857|12|2231|485
5554269813233934|12|2229|381
5554267178087799|06|2228|498
5554269973668415|02|2232|124
5554266040994946|07|2229|760
5554269311080807|09|2225|419
5554266821018250|05|2223|907
5554266362353449|11|2225|182
5554268272754898|02|2227|230
5554268860088337|03|2227|166
5554264001554466|05|2225|862
5554263234112669|07|2231|337
5554263306546090|09|2228|695
5554265964367548|01|2231|427
5554262878985040|02|2226|984
5554267252012487|05|2233|488
5554263177784498|11|2232|749
5554264174857330|04|2223|922
5554268051983159|10|2225|635
5554261795658983|04|2223|679
5554263557126347|07|2229|317
5554262298719923|05|2223|390
5554266811288759|08|2227|170
5554269135588785|07|2227|306
5554267260732832|05|2230|858
5554267085777275|08|2231|412
5554263852613112|08|2232|463
5554264441735924|12|2229|676
5554269508599904|08|2231|209
5554262701261224|11|2227|885
5554267524578625|04|2224|686
5554264384963981|05|2226|617
5554265387001608|04|2229|787
5554269320624352|02|2230|670
5554263710296625|07|2233|645
5554267614948702|07|2228|130
5554265718656711|08|2232|961
5554266918871675|02|2223|383
5554267954719403|05|2232|806
5554265960567150|06|2233|559
5554269399933877|11|2228|536
5554267002654983|04|2229|536
5554269432492983|11|2225|573
5554266648843189|03|2233|399
5554263048536496|05|2231|801
5554264617226990|08|2230|419
5554261980415651|10|2225|354
5554267385910459|10|2233|971
5554268620635274|09|2224|857
5554269889655023|09|2227|698
5554264012992863|09|2233|714
5554264859499540|12|2231|349
5554266127269969|01|2226|642
5554269226528225|09|2233|930
5554268858905459|10|2230|744
5554261696577036|04|2231|380
5554268184959171|12|2228|695
5554261612717684|10|2233|906
5554263358501324|11|2227|663
5554267707673848|07|2232|336
5554263024277548|07|2233|208
5554264852436390|07|2233|507
5554269147399092|09|2226|933
5554268936190084|05|2230|697
5554263851235484|08|2223|755
5554268485529776|07|2223|396
5554266915223876|09|2223|752
5554261560431659|07|2228|233
5554265409265176|01|2224|398
5554269218705472|12|2229|123
5554269991356919|02|2227|555
5554262677863072|02|2233|678
5554263460603104|11|2229|360
5554266143110817|09|2230|868
5554262043673175|12|2229|495
5554268178842469|09|2223|895
5554269479677707|09|2226|889
5554265379308296|02|2229|159
5554264092617518|12|2232|815
5554262852174381|04|2225|732
5554264773914442|10|2226|348
5554267872182956|02|2233|897
5554263598778341|11|2226|208
5554269690267652|11|2225|988
5554263976091621|11|2226|368
5554261757118392|03|2229|162
5554264107484476|01|2226|650
5554265707328860|05|2223|600
5554262818710813|09|2230|200
5554263168026095|07|2232|300
5554262817191237|01|2224|456
5554262950980482|09|2225|721
5554263154627839|01|2231|598
5554268244563263|05|2225|437
5554265356535112|06|2230|180
5554267753316483|06|2229|492
5554263526168478|02|2227|572
5554263600563278|01|2231|739
5554269208819355|04|2226|128
5554263295652107|01|2223|732
5554264869129585|06|2228|297
5554263266777819|07|2232|256
5554262833329652|09|2224|520
5554269509086757|08|2227|564
5554264813738861|05|2229|431
5554268447146989|06|2224|973
5554268403700665|06|2227|633
5554263102812267|06|2228|972
5554264911290188|11|2224|946
5554269430818893|01|2226|314
5554268556105923|04|2228|791
5554263480810495|10|2231|389
5554267773473952|03|2232|900
5554264493377480|01|2228|479
5554261447492813|03|2226|905
5554269968649133|11|2233|262
5554264328255719|10|2228|202
5554268688365592|06|2227|573
5554263320747843|04|2232|131
5554263733126024|09|2224|640
5554262261711151|02|2228|335
5554269432479508|05|2224|206
5554261328036424|11|2223|378
5554269860992056|04|2228|381
5554269616703878|10|2233|523
5554266771837272|07|2228|765
5554269083174635|12|2233|682
5554264033964037|08|2230|553
5554266953875288|08|2228|727
5554263694342148|08|2231|474
5554261732411914|12|2228|713
5554265822261454|05|2227|845
5554267614901072|10|2225|988
5554264610434417|04|2233|914
5554267385260331|01|2228|354
5554261258844452|11|2230|135
5554263337628029|11|2232|433
5554264278344462|10|2229|490
5554261831676677|03|2223|210
5554269419875625|05|2228|636
5554263932649550|05|2224|124
5554268701381026|09|2232|146
5554266981212356|04|2228|923
5554263271136279|05|2226|117
5554266015628993|01|2223|196
5554263520095744|01|2227|572
5554263793319578|07|2233|881
5554265827197288|05|2224|283
5554262114544013|09|2230|857
5554264371106446|11|2225|536
5554261239634174|08|2224|874
5554264616674606|12|2226|664
5554263283157642|02|2226|968
5554264455304331|02|2226|533
5554267402784281|11|2232|707
5554266373451789|11|2225|793
5554261965746293|10|2227|832
5554269499534356|12|2226|453
5554261189834107|06|2229|784
5554268591351949|09|2224|749
5554262221706337|12|2223|189
5554267621711824|05|2230|322
5554264066373356|10|2228|319
5554267017065943|10|2230|270
5554269966141112|12|2228|383
5554267105897999|05|2233|650
5554266331530786|06|2225|628
5554268026072154|08|2225|317
5554266080115945|07|2223|618
5554266740370475|04|2228|850
5554262842578577|04|2228|856
5554269544141217|05|2225|162
5554267667487357|01|2225|454
5554261386054277|03|2230|279
5554262043596377|09|2226|934
5554262992779376|03|2228|791
5554268973818124|02|2228|490
5554264025676055|08|2228|178
5554261243424337|03|2223|507
5554264670825190|10|2229|780
5554266625254398|05|2229|157
5554265622000530|09|2227|560
5554262790598646|09|2230|683
5554267169627743|07|2223|584
5554264190356845|07|2226|747
5554265527973702|04|2224|240
5554269519482600|12|2225|143
5554262213263819|09|2227|687
5554263043827326|06|2227|757
5554264222854538|08|2227|474
5554265659220608|02|2229|389
5554267820520656|10|2233|894
5554263893239908|06|2225|261
5554261253450111|08|2223|654
5554269238752284|10|2226|363
5554264646368020|08|2232|402
5554265788010428|05|2229|334
5554269703200312|07|2230|721
5554264328683476|10|2223|439
5554265201370741|10|2223|805
5554261136405964|10|2226|481
5554265925144041|11|2223|575
5554263272695137|11|2232|204
5554266079789573|03|2225|753
5554263925963609|11|2227|326
5554263162424171|09|2223|197
5554264028704794|07|2231|260
5554266903352170|06|2232|884
5554266088860564|04|2224|856
5554267889186117|04|2228|390
5554268782880468|01|2229|354
5554263250460844|10|2225|936
5554268337502285|06|2231|813
5554261497466168|09|2229|466
5554266436411658|09|2224|418
5554267316680633|05|2231|680
5554262591785334|04|2231|360
5554264944252001|04|2225|623
5554266131991226|12|2229|637
5554265659035859|07|2224|847
5554267094158109|11|2229|363
5554263826419416|03|2229|393
5554263723214015|06|2233|372
5554264151727091|11|2229|911
5554262752211824|05|2232|766
5554264934715130|01|2231|472
5554266179834273|09|2226|562
5554267526283419|11|2230|957
5554262269166486|06|2228|122
5554264349396015|10|2224|844
5554263497987756|09|2223|303
5554261322454279|12|2231|566
5554263928819368|02|2227|407
5554263202915852|10|2226|722
5554268512148942|10|2227|927
5554268098880390|04|2225|767
5554265575210423|07|2231|276
5554268845685656|05|2223|827
5554264981807824|10|2229|713
5554263355976873|12|2226|240
5554262733260956|08|2227|459
5554262684516199|07|2229|566
5554262454694586|12|2233|725
5554267448301995|09|2226|594
5554264996234749|01|2231|479
5554265084185310|03|2230|320
5554262052260934|01|2230|410
5554262606722973|08|2227|119
5554262749200102|09|2223|667
5554268180461841|12|2230|932
5554267245721341|02|2223|604
5554263742228932|02|2229|617
5554262254094614|01|2223|687
5554262214790704|01|2225|258
5554264646414336|09|2228|482
5554261881121833|02|2223|664
5554262782735836|01|2229|505
5554264492703825|07|2232|254
5554268597095137|05|2228|691
5554261980436544|02|2228|863
5554261990516451|07|2233|255
5554268181035744|11|2223|133
5554266197438742|08|2224|957
5554264033252213|11|2227|798
5554266283808866|11|2228|471
5554262051276013|06|2226|307
5554261573342633|07|2227|649
5554263368003363|01|2232|844
5554269704464439|06|2228|470
5554268214847280|10|2228|934
5554265830115914|02|2223|925
5554264552284037|10|2231|208
5554268342677971|06|2226|614
5554267789989429|02|2223|789
5554263205764842|05|2232|504
5554264529319638|01|2230|438
5554266558051210|02|2226|476
5554265983461042|01|2225|140
5554265130825656|01|2227|402
5554267096603307|05|2233|252
5554264207702276|11|2228|727
5554264927697947|01|2231|797
5554269034443081|05|2231|773
5554262605735321|07|2227|231
5554264688641730|04|2229|839
5554265015634715|06|2228|650
5554264293322284|06|2229|288
5554263529333885|12|2228|507
5554264264962687|07|2223|192
5554264330566029|06|2230|787
5554267175320673|05|2233|715
5554268687872911|10|2230|206
5554263146048089|12|2231|359
5554262368563589|04|2230|675
5554268313923075|06|2232|879
5554264372558805|06|2233|889
5554268076429768|02|2225|654
5554266285602983|02|2226|683
5554267945683380|05|2225|274
5554267630850596|05|2232|589
5554261816903823|01|2232|801
5554263581088183|07|2224|742
5554261132734076|09|2230|390
5554263416925357|11|2233|668
5554261258736111|05|2226|604
5554268106838707|10|2224|453
5554269661218096|03|2232|553
5554264869623671|09|2231|680
5554269112445147|04|2224|218
5554267955548194|01|2227|570
5554265544747695|09|2226|777
5554262029409583|10|2233|579
5554267979427618|09|2227|331
5554263616019476|11|2229|960
5554261470670946|06|2227|901
5554267881078176|08|2231|718
5554267546165281|05|2227|189
5554264902848420|01|2231|961
5554262276549838|02|2226|329
5554263607360722|06|2224|744
5554261409518325|07|2231|536
5554265509327470|09|2224|437
5554262961761696|11|2224|453
5554262142480296|12|2224|768
5554264710665841|02|2232|829
5554266643918916|02|2224|194
5554265899447282|02|2227|333
5554267324271714|05|2226|981
5554263896085386|04|2231|505
5554264000954069|03|2224|502
5554264844810653|02|2227|744
5554266592263965|05|2230|121
5554262602271656|08|2230|717
5554266740827188|11|2224|793
5554262069515875|02|2225|488
5554262684694398|12|2230|182
5554266040498525|05|2230|219
5554264347404332|03|2230|908
5554265484052590|09|2230|711
5554264629780504|04|2231|318
5554264929115610|12|2232|412
5554263019742420|08|2225|814
5554267892260681|09|2231|156
5554267287386776|10|2231|503
5554262668769988|02|2226|716
5554269122251389|11|2228|258
5554268446369764|02|2229|796
5554264338776811|10|2224|268
5554265901558902|10|2230|863
5554263054837570|03|2233|911
5554269175802146|04|2227|256
5554262635371382|04|2232|232
5554264162863310|10|2228|946
5554261595090171|12|2228|543
5554268986091435|12|2223|628
5554269430022430|09|2230|908
5554266230305073|06|2233|330
5554268133791942|12|2223|459
5554263963985617|07|2228|384
5554266209061288|03|2224|327
5554263418859570|05|2230|626
5554267753091732|01|2229|926
5554262573160529|05|2225|124
5554261333409728|04|2229|909
5554261218593118|12|2227|261
5554264136673270|12|2227|614
5554263553626001|10|2224|358
5554261509694478|12|2232|152
5554264055610624|08|2230|996
5554267189091162|06|2224|558
5554266239254247|09|2228|522
5554264137518968|07|2225|943
5554266525167023|08|2229|738
5554264746222421|07|2227|989
5554267838717470|01|2223|143
5554263070621620|08|2233|319
5554265879674205|05|2226|737
5554269054194825|05|2230|502
5554263757356043|09|2230|153
5554262085512999|02|2226|468
5554269887912497|05|2228|241
5554265607850697|01|2232|306
5554267201584885|10|2223|730
5554267438653739|07|2229|185
5554265037217864|11|2225|816
5554265439660708|12|2232|341
5554263663829607|07|2228|601
5554266176471969|04|2227|228
5554265430899984|06|2230|571
5554266475068333|07|2226|393
5554263212740429|09|2230|849
5554267745236175|09|2231|448
5554261881675099|03|2233|120
5554265562302767|01|2225|329
5554268356032517|04|2227|800
5554266457112921|08|2225|657
5554264102897988|08|2231|437
5554267297539363|02|2228|714
5554263901997909|09|2228|339
5554263244806318|11|2228|301
5554268581060718|08|2226|592
5554261923375076|10|2223|437
5554266641378311|07|2232|143
5554265377127836|05|2225|971
5554266148231768|10|2227|971
5554263408798152|11|2233|521
5554265355302540|12|2232|353
5554265000514083|10|2225|983
5554269886065126|08|2226|266
5554267225560358|05|2228|759
5554269960233215|03|2225|518
5554262728839099|01|2225|894
5554267475379151|04|2229|245
5554264107193050|08|2229|534
5554262835570826|11|2223|575
5554268154755950|04|2229|218
5554264044953196|04|2228|425
5554269508766653|04|2224|245
5554261234851118|10|2232|916
5554266883078900|07|2228|795
5554264628559200|07|2232|475
5554267971093127|06|2231|395
5554263448181250|07|2233|762
5554266441952754|10|2229|456
5554268469073027|06|2231|642
5554266430654993|09|2233|777
5554269454800524|08|2231|680
5554263356022332|02|2233|462
5554266387518153|10|2231|498
5554262926979102|09|2230|357
5554263277263158|09|2224|127
5554265547472408|09|2230|604
5554267856087096|04|2232|466
5554263732426167|11|2225|879
5554269552389543|05|2226|852
5554261935221013|05|2232|837
5554269120550207|08|2229|534
5554266480527331|03|2223|306
5554267236209554|02|2226|988
5554267636594688|06|2233|895
5554266975927920|10|2227|718
5554267410239265|10|2232|353
5554269830662773|06|2229|751
5554267665513952|06|2228|691
5554261940921752|06|2225|799
5554267996191179|07|2227|908
5554267735963738|04|2231|682
5554265351827286|07|2228|556
5554269889393048|06|2227|795
5554263245626703|03|2231|843
5554267357022130|09|2231|648
5554268929495436|03|2231|967
5554269972734652|03|2229|449
5554263192023147|08|2227|275
5554269976346637|03|2227|174
5554268443554573|03|2227|832
5554261366021790|02|2224|499
5554263741798519|05|2224|818
5554263403289457|08|2228|951
5554263872630513|08|2228|663
5554265063441553|01|2224|866
5554265103615896|05|2232|727
5554262924259770|12|2230|769
5554267123606994|08|2227|752
5554264472028943|09|2233|493
5554265933565361|02|2231|699
5554265300546782|03|2231|867
5554265134041495|10|2228|959
5554261968293523|05|2231|819
5554264145210407|07|2224|615
5554265988625572|06|2224|917
5554262815732505|10|2226|941
5554262563182242|03|2223|752
5554261324491016|12|2225|832
5554262957511014|10|2230|347
5554267186216705|11|2229|112
5554264918643325|06|2225|454
5554263137901093|11|2232|358
5554263686182350|08|2233|561
5554265360549201|03|2225|836
5554269519481822|09|2228|240
5554268649263479|07|2226|550
5554262103442919|01|2226|307
5554267006032249|01|2226|743
5554265457495101|08|2224|131
5554263921385252|08|2226|877
5554266930843524|07|2229|327
5554261779953376|03|2231|484
5554264638749632|09|2223|687
5554262797415564|08|2227|809
5554269137857206|04|2232|880
5554269896885352|04|2227|983
5554269254192739|06|2231|780
5554269184843954|09|2228|844
5554264748266118|08|2232|297
5554266184063972|06|2228|501
5554269700050340|01|2227|949
5554265359232426|02|2225|504
5554265567143289|10|2232|386
5554265490462777|09|2225|435
5554263260548529|10|2227|375
5554266762848109|01|2229|383
5554269112646853|01|2228|208
5554269743752748|04|2227|326
5554261329105859|09|2229|247
5554264283818676|08|2225|998
5554261756039831|10|2226|142
5554266149933280|10|2230|703
5554267626035616|01|2228|669
5554268794952260|10|2229|655
5554264229342530|09|2231|697
5554266634050033|03|2231|794
5554262211067209|11|2225|903
5554264510507706|01|2224|580
5554264083636057|09|2229|836
5554266576180728|05|2232|987
5554266779767434|11|2223|883
5554264530843334|05|2225|951
5554264182798708|06|2231|446
5554265830517968|02|2230|314
5554263307110361|06|2226|982
5554267215855449|05|2233|709
5554264751310578|06|2232|168
5554264359839560|05|2230|603
5554267363310680|05|2225|255
5554263152138078|05|2225|215
5554263652905565|02|2232|494
5554267466851369|04|2228|673
5554262882789609|09|2227|712
5554268933692333|02|2224|842
5554268143236680|03|2226|927
5554268610617987|11|2225|945
5554264766141687|05|2230|158
5554267237983821|12|2233|667
5554262841157625|10|2228|841
5554267198271872|03|2228|931
5554266204142600|06|2227|929
5554264412470249|07|2233|630
5554266586323129|03|2231|542
5554263335091341|04|2230|962
5554265502163865|04|2223|491
5554262088998790|03|2229|451
5554265899007448|09|2232|880
5554262234133549|06|2229|523
5554268879195145|04|2233|862
5554266426906523|05|2232|912
5554269446889094|03|2224|997
5554265331565708|07|2229|880
5554261769163202|05|2223|860
5554266087413010|02|2231|789
5554268617644951|11|2224|614
5554268944409602|11|2233|803
5554267937615595|10|2228|974
5554263893259518|07|2227|929
5554269240351471|10|2227|746
5554264070793288|11|2223|527
5554264791510726|08|2225|744
5554262514010610|02|2231|309
5554261241656808|02|2228|913
5554261387176452|01|2225|480
5554263909931056|12|2224|696
5554262159932062|02|2230|504
5554266522404009|08|2225|355
5554266540123977|07|2227|690
5554269119717542|12|2231|526
5554261635092118|12|2224|637
5554263892409545|11|2226|393
5554268653994630|05|2225|733
5554269894232085|10|2224|761
5554269144001245|06|2223|528
5554261765598342|06|2223|263
5554262647318222|10|2228|138
5554264561712550|12|2225|125
5554261492838143|11|2223|212
5554265155818051|01|2228|671
5554266929123968|07|2231|147
5554269724066305|03|2228|805
5554262544227193|10|2224|174
5554262162848470|10|2223|606
5554265214459825|06|2233|891
5554268233230537|10|2228|160
5554264640259171|04|2223|393
5554261116661755|07|2232|988
5554265650813490|01|2231|189
5554264533033751|05|2229|645
5554268656029864|01|2230|376
5554261637690059|12|2233|461
5554261663025191|11|2227|984
5554265881022499|10|2232|772
5554263958599385|10|2229|959
5554264759354576|07|2231|382
5554264101735308|09|2229|498
5554269703492633|04|2233|698
5554261292870529|04|2233|113
5554267707383332|01|2224|564
5554261902288275|02|2225|774
5554262885968743|12|2229|656
5554263966739589|06|2227|342
5554263226683263|07|2225|316
5554263912857181|07|2231|888
5554267012038972|06|2229|680
5554261179029921|01|2229|707
5554263844078700|05|2233|880
5554263470440207|10|2225|916
5554266065176378|04|2224|594
5554268318756777|01|2229|191
5554263418308506|05|2230|973
5554268067630408|11|2227|311
5554265848434954|01|2230|412
5554264989098830|04|2232|339
5554265256222871|03|2225|559
5554262550192397|02|2228|861
5554267784531328|10|2226|980
5554262842124999|01|2233|117
5554263469554810|07|2225|334
5554261283447433|10|2232|294
5554267126159320|12|2228|787
5554265868116264|03|2226|227
5554269030893512|03|2223|782
5554267310618763|04|2228|143
5554264814092826|08|2223|841
5554269679451314|07|2227|552
5554266903171128|11|2226|157
5554268272372413|04|2226|172
5554267253486384|11|2229|847
5554263761503279|04|2233|730
5554262362012481|10|2226|924
5554262884468360|07|2225|558
5554269975076004|09|2226|496
5554262856227108|08|2226|201
5554265044760370|11|2232|499
5554268386129080|01|2224|537
5554268975177783|01|2233|297
5554263377305716|05|2231|357
5554264629874400|09|2225|501
5554269886358160|03|2226|218
5554262870319475|05|2226|335
5554261692747356|01|2225|345
5554269235134724|08|2228|747
5554268327089269|09|2232|666
5554264449284015|07|2230|231
5554267639806678|06|2229|990
5554265752674663|02|2232|211
5554261722613453|06|2233|917
5554261940009912|12|2233|943
5554263673593840|09|2230|261
5554263380314842|08|2225|453
5554267233550616|01|2232|448
5554265319682946|08|2232|469
5554262648635515|09|2232|906
5554265716953922|08|2224|171
5554266294977321|03|2231|572
5554262829550983|11|2232|479
5554263055926226|09|2230|368
5554266388420013|08|2229|178
5554267246786418|10|2229|841
5554269495870960|09|2226|207
5554261626487359|10|2225|480
5554264476974885|02|2224|919
5554268616309155|05|2228|153
5554261577614001|01|2227|490
5554264550193817|04|2228|414
5554269559767282|12|2224|700
5554269498776144|12|2225|775
5554269364834584|06|2231|987
5554264395713062|06|2225|548
5554264874373572|04|2230|885
5554262738209805|12|2224|507
5554267859128187|06|2229|969
5554267503889689|04|2223|353
5554261145991077|10|2230|800
5554269452714043|10|2230|584
5554266019196528|01|2225|440
5554268175913666|10|2232|267
5554263687711107|10|2226|952
5554261117205615|11|2232|528
5554266176441050|09|2228|664
5554265816241347|03|2224|931
5554266943116430|04|2223|486
5554262688137860|01|2226|647
5554264370573918|11|2230|425
5554262813718547|07|2223|156
5554265246153749|11|2230|644
5554267109153319|09|2226|977
5554267906411086|01|2227|334
5554264010318757|10|2229|568
5554267189266406|06|2225|950
5554265868725007|01|2233|505
5554266392499915|01|2227|857
5554263505358501|03|2226|127
5554263657726372|12|2228|271
5554268376042631|05|2231|401
5554268376399341|12|2224|214
5554269783489152|08|2230|588
5554261371553020|09|2231|798
5554267935381304|10|2231|974
5554263775693213|09|2228|781
5554264176241201|12|2233|760
5554265508289928|08|2223|394
5554262900260407|10|2224|705
5554263268723104|02|2232|386
5554262581116522|03|2225|242
5554262566750128|03|2232|268
5554265981117451|10|2224|563
5554264603576466|03|2229|120
5554269975349318|09|2230|855
5554262796148450|05|2233|913
5554269263281027|02|2231|213
5554266376340306|08|2233|768
5554266168255809|03|2228|452
5554268599206527|12|2224|629
5554261336609616|02|2232|905
5554263433826011|09|2230|388
5554263998992622|08|2233|642
5554266217237537|09|2223|565
5554267570294993|03|2225|877
5554269520883279|02|2223|544
5554263030949669|04|2230|625
5554261639197092|06|2229|866
5554267556335536|05|2229|442
5554264859210312|12|2231|763
5554263388895250|11|2230|694
5554263041964734|08|2223|928
5554266603036094|12|2231|443
5554263656821382|10|2231|904
5554266354124126|08|2228|853
5554264186692410|04|2229|348
5554265725791429|09|2225|477
5554262381676037|09|2224|338
5554267275207784|06|2232|715
5554261154582167|04|2227|320
5554265328945468|11|2223|308
5554267694153990|01|2225|298
5554266775382779|12|2233|790
5554269195313765|10|2223|703
5554265784483759|05|2228|388
5554267451644204|09|2224|255
5554262176153926|01|2231|279
5554269286484702|11|2225|334
5554263311354207|02|2230|635
5554266395939260|02|2223|697
5554266817801170|11|2233|396
5554268733989605|12|2229|320
5554261644496260|06|2230|959
5554264407453268|07|2233|204
5554267924084769|08|2232|340
5554267843722772|10|2233|382
5554265243191460|08|2229|294
5554269245032523|01|2230|158
5554266508445287|04|2223|717
5554269709538271|11|2228|641
5554266813762714|05|2231|594
5554267520719766|05|2223|912
5554262203806072|04|2225|498
5554263954504592|01|2230|779
5554266048479639|02|2226|628
5554262462227458|10|2231|457
5554267918165268|02|2226|175
5554264439568726|10|2229|811
5554266528302940|03|2229|731
5554266400230623|09|2229|531
5554262613352538|11|2228|453
5554267357754043|04|2233|985
5554264647487286|11|2226|838
5554267013872163|06|2223|365
5554261382768753|02|2224|500
5554268692710460|04|2233|610
5554268092122451|09|2229|268
5554264160903924|01|2229|588
5554264617790006|04|2232|679
5554262961046737|05|2223|640
5554262328127807|09|2233|718
5554264447329834|01|2226|372
5554265131467967|07|2226|451
5554266423145330|12|2227|898
5554269538908255|07|2232|835
5554268604486016|08|2233|881
5554269939640106|07|2226|558
5554265251782856|07|2232|555
5554264524182512|04|2227|784
5554264792209860|02|2232|128
5554262910990285|08|2233|707
5554268233839482|09|2231|993
5554263187280478|02|2231|957
5554269164056570|12|2227|296
5554262296597688|02|2225|341
5554265473324700|10|2225|143
5554269308436188|04|2233|177
5554269870444776|06|2233|886
5554269416355093|08|2229|241
5554263608066781|12|2225|444
5554265802158875|09|2227|929
5554261243251990|02|2233|993
5554268074969684|05|2231|242
5554269886111521|11|2232|877
5554263108556949|11|2233|858
5554268639907997|12|2225|382
5554262745053122|10|2229|571
5554261460765816|02|2224|803
5554266345452618|07|2227|629
5554268746824447|05|2232|722
5554269107106641|03|2227|764
5554264254384575|08|2225|809
5554267137450067|11|2232|811
5554269324399801|12|2230|651
5554263603113512|12|2231|814
5554267745197192|05|2230|595
5554262842858318|10|2233|417
5554267370667416|09|2224|241
5554262381899117|07|2233|157
5554267367203901|12|2226|765
5554269009561694|09|2233|502
5554266479338776|03|2231|882
5554267141783508|04|2232|537
5554265664176267|03|2232|335
5554264358825627|08|2226|593
5554266976959912|06|2224|650
5554265564777095|06|2225|995
5554263894911202|05|2232|992
5554267115985778|11|2226|289
5554261489655071|07|2229|610
5554265151510758|06|2231|178
5554266729322579|10|2225|117
5554269098802966|02|2228|830
5554266017674623|11|2227|540
5554268996897208|09|2223|786
5554262291038111|07|2227|474
5554263856049426|03|2227|994
5554262921718303|05|2233|130
5554261397469840|10|2225|204
5554262090603048|03|2224|610
5554264443699065|10|2227|802
5554266207833216|01|2228|669
5554268559831013|07|2223|938
5554263727128147|09|2229|467
5554268020483475|08|2226|659
5554262114995372|06|2227|695
5554267371014943|04|2229|387
5554266813488854|12|2228|154
5554267531371335|03|2227|657
5554262998794606|07|2232|298
5554262586924511|07|2225|672
5554263610624522|02|2228|948
5554269634708881|05|2233|941
5554267031394012|05|2229|313
5554263729570768|03|2223|117
5554268120981015|07|2231|462
5554268608233090|01|2229|313
5554269821608559|07|2231|557
5554269108958550|05|2225|692
5554262618076869|08|2232|807
5554268979625067|07|2224|595
5554263079761782|03|2232|656
5554264267006322|11|2227|760
5554265858415642|10|2224|813
5554266415780874|04|2233|488
5554262774135646|03|2233|504
5554261995721626|02|2227|776
5554265908497255|01|2226|823
5554265220266962|01|2233|343
5554261368900635|06|2228|477
5554266328641797|07|2223|760
5554265723988314|03|2228|802
5554267017728182|06|2231|130
5554266211589497|01|2228|810
5554265592109960|09|2233|166
5554267883203935|07|2228|316
5554261418995968|09|2225|691
5554264273526874|02|2233|865
5554261852828452|03|2224|612
5554269755988702|04|2231|549
5554265084986758|05|2229|717
5554269436870153|07|2223|307
5554263128754519|08|2231|290
5554262631206168|04|2232|965
5554261111780252|12|2228|779
5554268105848135|02|2230|326
5554266007024843|08|2228|401
5554267561508915|12|2225|277
5554267372646914|12|2231|197
5554262742690988|09|2228|898
5554265033619379|01|2232|558
5554263256148194|11|2224|686
5554267692341137|11|2230|728
5554263386151028|10|2227|526
5554261625065657|09|2233|509
5554265034307611|06|2231|235
5554262186481454|10|2233|923
5554263021543635|03|2225|955
5554263130006938|11|2223|315
5554264630840924|06|2223|801
5554261951618406|03|2232|351
5554261908928704|07|2228|967
5554261667146627|01|2228|970
5554264204159182|05|2225|276
5554268338321161|02|2227|439
5554263984944155|01|2228|804
5554269015412177|11|2226|306
5554268422930523|07|2224|377
5554265229120633|06|2223|379
5554264366054029|02|2228|669
5554262663957353|09|2229|515
5554266269362749|07|2233|749
5554265792291825|02|2223|904
5554263014281304|10|2228|491
5554269241618357|06|2232|468
5554262326665158|06|2230|482
5554264429848694|03|2223|571
5554266924553027|03|2225|328
5554265794769395|07|2223|905
5554261570882143|08|2230|543
5554268599695702|03|2223|191
5554265947777680|04|2233|554
5554265777192735|06|2229|155
5554263949368748|09|2225|979
5554267967307674|02|2231|672
5554266218554631|06|2230|955
5554264846912328|09|2232|232
5554269179375903|08|2226|156
5554264716273218|12|2233|746
5554262209124068|11|2223|593
5554262361083963|03|2229|913
5554264688027126|03|2232|461
5554267909994611|09|2233|551
5554265056611786|05|2232|268
5554268990628684|07|2227|482
5554269154433320|06|2225|167
5554261457403923|10|2224|427
5554263121155592|02|2223|205
5554265374124133|03|2231|383
5554261192564346|07|2232|392
5554267547345798|09|2225|367
5554266817992786|11|2232|602
5554267297099524|05|2230|465
5554264158610098|06|2227|876
5554264521324036|10|2233|665
5554264950174399|08|2225|723
5554264136795252|12|2228|707
5554263591962283|01|2223|453
5554261526349901|06|2229|813
5554267147110912|08|2233|518
5554262398756123|11|2229|274
5554269980401967|10|2228|794
5554268874963445|11|2229|965
5554263021019406|03|2232|642
5554269302243150|06|2228|201
5554267644987238|04|2229|782
5554263693980714|01|2226|164
5554263648451969|07|2226|236
5554266228372489|10|2233|487
5554261914298026|04|2224|327
5554269760884255|11|2227|820
5554263996027957|03|2223|461
5554268998528048|05|2228|537
5554265390967145|11|2231|749
5554264666927626|02|2231|689
5554266677141224|06|2230|569
5554268926556435|06|2226|560
5554265929119346|06|2223|160
5554265900568302|07|2223|703
5554262126109540|06|2228|794
5554268231142687|05|2230|718
5554264837203470|05|2230|303
5554261978615818|10|2223|706
5554262763814435|05|2224|981
5554265889325005|04|2225|605
5554265736063337|11|2232|344
5554262195233733|04|2228|200
5554269351637723|06|2233|826
5554261324306963|03|2223|402
5554268353747197|10|2223|627
5554266134825984|09|2226|315
5554263907676723|11|2225|267
5554268360625471|02|2224|315
5554262397401551|03|2227|386
5554261374239917|05|2227|460
5554267496252578|10|2225|740
5554263363082724|04|2232|379
5554268760986411|04|2224|615
5554262466420289|05|2225|402
5554267050349224|07|2225|885
5554268775689097|09|2228|503
5554267884484456|09|2227|649
5554261633451056|05|2228|668
5554269728263097|06|2225|816
5554268905214838|12|2233|459
5554262164197677|11|2230|518
5554269127674118|11|2223|297
5554264927878638|02|2233|866
5554269127488200|06|2230|694
5554266471196565|12|2223|808
5554266888703877|06|2224|251
5554267270511784|10|2226|363
5554264079129808|01|2223|959
5554265732831617|12|2223|230
5554267447322708|12|2225|894
5554263817916299|09|2229|172
5554262424868677|08|2231|437
5554268161220687|09|2228|675
5554265560267796|04|2228|344
5554269933934336|02|2225|663
5554261781140586|09|2223|967
5554265554850763|02|2224|129
5554262096054000|10|2227|141
5554264360851881|06|2229|839
5554262125196494|02|2225|908
5554268728059634|12|2233|184
5554268369966291|12|2233|321
5554266524746814|07|2224|255
5554268820010086|08|2231|311
5554262041376586|09|2223|636
5554261990993578|02|2223|317
5554267916601373|04|2227|504
5554262005525594|08|2224|621
5554268655094979|08|2224|197
5554264096719143|07|2224|763
5554269378508263|06|2225|593
5554264377032917|04|2229|971
5554268837463699|11|2232|368
5554263165675526|11|2230|578
5554266192168007|03|2223|318
5554262323829630|11|2229|204
5554262545098886|08|2230|422
5554262737427057|08|2225|175
5554269831294250|02|2227|590
5554261714646117|04|2224|714
5554264942865191|10|2228|168
5554269521716838|10|2230|120
5554261869724281|07|2233|543
5554267829986718|09|2232|320
5554262591794803|01|2227|797
5554262409695230|03|2231|723
5554265044847036|06|2228|504
5554261934533226|03|2225|353
5554262200380231|09|2227|879
5554261271009050|03|2224|712
5554265137936618|05|2229|948
5554268416713230|05|2233|349
5554261334606960|01|2226|168
5554269658284947|01|2227|881
5554264406335593|03|2228|654
5554263773482913|09|2229|489
5554264053796016|03|2228|790
5554269181098493|07|2228|350
5554268949438380|09|2224|259
5554268967705041|01|2227|662
5554269166563029|10|2230|176
5554263621581961|03|2224|258
5554263065003428|08|2229|696
5554264495035560|02|2223|640
5554261290825158|02|2229|187
5554265366331927|02|2233|435
5554269704036816|04|2224|832
5554267291456626|04|2228|783
5554264955575327|10|2225|753
5554268969290509|03|2230|969
5554262098103291|07|2223|575
5554263706218204|06|2231|893
5554262533678390|08|2228|275
5554264428981161|10|2227|139
5554261356321814|10|2228|615
5554269687393706|07|2225|723
5554261859825844|03|2226|253
5554266712523061|03|2229|942
5554264983816723|06|2231|363
5554263656458814|04|2229|632
5554265326754720|02|2226|585
5554268698816582|08|2228|768
5554265564082865|01|2229|888
5554266365560368|04|2230|530
5554269229406483|11|2225|134
5554266206591989|03|2230|117
5554265272880470|10|2224|131
5554263176282885|10|2227|296
5554262063576167|12|2225|118
5554265882338939|12|2226|822
5554262518150436|07|2229|625
5554263571881179|07|2227|966
5554263393084777|09|2231|773
5554268098821481|09|2226|460
5554263358828530|07|2229|741
5554266802440943|04|2229|592
5554263978543599|10|2232|246
5554264567637339|10|2226|916
5554261479383049|05|2223|159
5554264971808190|09|2229|587
5554261717148276|01|2229|701
5554262736521359|06|2229|852
5554267739678378|10|2228|458
5554261181803971|11|2231|869
5554263641833245|01|2232|618
5554264002136530|03|2233|255
5554265980504284|08|2223|369
5554268881397806|03|2229|707
5554266041382074|02|2231|831
5554262748323835|03|2224|529
5554267163554501|03|2225|311
5554266816945772|04|2231|621
5554264929003093|09|2233|478
5554268185832954|07|2223|810
5554264409119004|07|2224|914
5554263636791557|07|2229|557
5554268658495074|02|2227|632
5554264291269290|08|2223|956
5554265061124195|08|2223|389
5554268432872850|11|2229|311
5554261118177891|10|2233|690
5554267690753380|03|2230|326
5554265038447062|12|2229|451
5554263487150644|10|2231|845
5554264922297218|11|2229|462
5554265253109442|04|2223|893
5554269599203205|11|2225|769
5554268385808265|05|2230|676
5554268404972015|07|2228|294
5554266356787069|07|2232|116
5554261778681476|10|2230|816
5554262722713233|07|2230|610
5554268973118087|08|2223|785
5554267184210206|07|2224|543
5554266701020178|05|2230|851
5554266068319877|12|2232|739
5554263915857568|06|2224|306
5554262583955697|11|2223|880
5554263343182006|10|2233|314
5554261126825745|12|2227|173
5554269749602710|11|2225|244
5554269680390999|02|2227|870
5554264716847630|03|2226|558
5554262046173759|02|2224|675
5554262076198686|01|2233|312
5554268860274532|12|2224|695
5554267837652160|11|2223|949
5554267909039442|04|2227|408
5554264486172525|08|2230|836
5554264255573938|05|2232|810
5554263521109241|06|2232|789
5554269274557948|12|2224|598
5554263732299583|09|2223|518
5554264437693699|10|2225|626
5554264524002686|08|2230|307
5554266636303785|04|2225|740
5554264265821843|01|2227|384
5554265466743173|07|2225|445
5554268952369301|11|2229|441
5554261203863691|10|2226|996
5554266442606137|01|2227|497
5554261730923470|10|2228|760
5554267783416463|11|2233|741
5554267246617808|05|2230|476
5554268043966525|04|2233|584
5554264928272328|03|2228|212
5554262052325007|11|2223|884
5554262683900411|01|2232|534
5554264614853625|06|2225|206
5554266779692716|05|2224|802
5554265976767453|06|2226|218
5554268583071227|12|2231|708
5554261998203469|05|2224|206
5554268128191910|07|2224|799
5554269531481387|05|2224|138
5554268214822033|05|2230|138
5554269323545990|12|2226|457
5554264047699529|12|2224|932
5554266038651479|10|2232|621
5554266821365909|09|2232|944
5554262646688449|11|2230|729
5554261773997629|09|2233|384
5554265507813614|12|2232|154
5554261751030407|10|2233|468
5554261603586252|06|2231|789
5554265629635371|06|2233|817
5554267572386157|06|2224|960
5554268239008997|04|2232|420
5554267295769895|12|2225|701
5554265752359938|11|2227|785
5554267363369091|05|2232|897
5554264872037503|04|2230|291
5554263047514922|10|2231|789
5554269587107327|04|2228|986
5554263301647160|10|2223|239
5554268267698840|03|2230|821
5554269288000464|05|2229|904
5554269924632402|10|2232|462
5554268692515352|08|2231|799
5554269295877156|06|2225|312
5554265295100185|02|2223|486
5554262913461276|07|2230|546
5554265430362658|11|2226|156
5554261220471413|07|2226|222
5554268277202985|09|2232|322
5554265636913294|06|2226|781
5554267385973562|10|2230|831
5554266944406427|08|2233|155
5554262227933871|06|2228|553
5554264786444285|11|2223|954
5554264131153044|04|2232|854
5554261474216512|03|2228|741
5554262550796791|09|2224|778
5554261176193786|06|2232|870
5554267962590021|05|2230|358
5554261619013957|07|2232|913
5554267321686283|12|2224|774
5554261111985996|08|2224|202
5554263699980794|11|2224|890
5554265720408198|11|2229|943
5554264244614088|01|2232|386
5554261314550262|06|2225|869
5554261517543904|05|2230|878
5554269582255045|04|2227|817
5554265721976828|01|2230|400
5554264295737542|04|2232|931
5554264199399252|12|2226|735
5554264877915842|10|2231|663
5554263742904870|09|2227|913
5554267827441842|11|2228|960
5554266897189202|10|2233|128
5554262081538725|08|2224|317
5554265218881171|01|2225|249
5554265573826753|12|2225|386
5554267827041153|12|2231|257
5554269083002766|06|2232|533
5554263408307544|05|2228|932
5554266500795778|04|2223|521
5554266763537557|03|2223|421
5554267664721803|06|2232|382
5554269354697041|05|2223|425
5554265947622801|04|2225|457
5554267172602035|04|2225|260
5554262054501252|12|2232|345
5554263261556054|07|2231|469
5554267994467486|12|2232|238
5554266921439734|01|2227|700
5554267597914348|09|2228|491
5554263564847001|09|2225|977
5554263384774480|12|2225|858
5554265603035576|05|2225|447
5554263412598585|11|2230|353
5554261795377666|03|2231|995
5554263205291840|12|2232|436
5554269038985065|12|2227|624
5554264427577493|03|2225|881
5554265080676361|04|2226|761
5554267088512742|08|2229|544
5554265023490365|10|2231|585
5554263932726000|03|2232|996
5554268239479108|09|2227|646
5554267691417995|08|2232|172
5554266028620155|08|2229|684
5554268447320108|11|2230|855
5554266071737824|10|2233|143
5554268633826756|02|2226|789
5554269044829243|07|2227|144
5554267054859727|02|2227|713
5554268445407456|09|2231|706
5554265299564872|07|2229|768
5554262027111835|11|2228|858
5554264755662192|11|2230|332
5554269563993008|11|2232|404
5554268270370022|03|2227|869
5554269065517555|12|2231|693
5554261427287650|03|2227|805
5554263143416160|04|2233|351
5554266147047172|11|2228|667
5554261583168951|01|2233|768
5554268954050569|02|2225|691
5554263347478252|10|2231|654
5554266191203111|12|2223|679
5554266738247111|09|2233|716
5554267680600987|06|2233|248
5554265500873925|04|2224|638
5554265229871882|10|2231|370
5554267114583796|05|2223|451
5554265301753217|09|2229|406
5554269929878874|05|2232|414
5554261385347833|12|2225|159
5554261847209444|01|2227|203
5554266026835334|10|2232|772
5554266677381368|06|2225|864
5554264264301211|08|2226|229
5554267180620083|11|2228|594
5554261698064415|09|2225|467
5554262473125504|07|2229|797
5554268402728041|09|2232|566
5554263489408114|06|2233|180
5554261501269565|09|2224|765
5554268669045674|02|2226|431
5554268424678066|01|2230|295
5554264976013647|03|2231|930
5554262335280952|08|2225|956
5554261297682157|09|2229|573
5554261332571225|02|2229|631
5554262578193945|04|2233|614
5554263026986720|05|2229|627
5554268088885480|05|2225|186
5554266404373237|04|2227|785
5554264931427640|11|2227|613
5554269381790432|02|2223|817
5554262640759938|07|2223|380
5554268849513761|06|2225|372
5554268350162527|06|2225|744
5554261856764413|05|2226|624
5554265321941916|01|2231|380
5554266137624836|03|2229|505
5554269016587870|02|2233|208
5554268236880801|04|2227|315
5554263417198932|03|2224|195
5554264314992844|06|2230|825
5554262773737528|08|2233|870
5554267924005107|09|2229|761
5554261751456881|08|2233|830
5554265416640679|02|2224|643
5554267841790280|12|2228|430
5554266279847791|10|2229|270
5554268966438196|02|2225|493
5554263540624626|05|2228|405
5554266249213599|06|2225|936
5554264353342707|11|2229|770
5554267819939963|12|2228|675
5554262362891238|01|2233|526
5554266680747008|06|2227|249
5554268934119378|04|2229|301
5554262439235329|05|2231|592
5554268083044256|09|2224|133
5554262330334075|12|2224|406
5554267533312624|11|2226|756
5554269775790276|12|2227|697
5554266777472141|04|2229|395
5554265340572718|10|2230|459
5554268096642359|10|2231|393
5554262216579536|08|2231|485
5554263599362770|10|2231|757
5554262541783353|03|2228|743
5554262369043959|03|2229|186
5554269907762638|05|2225|276
5554268995075765|01|2230|942
5554264239941998|09|2233|612
5554269965350038|11|2231|964
5554267649140597|06|2231|933
5554264532814453|08|2231|512
5554268224417636|03|2223|164
5554266759696205|03|2230|273
5554269713430058|10|2227|861
5554262867400809|05|2227|635
5554268635153244|05|2227|549
5554266610449891|11|2228|466
5554269237379017|12|2233|752
5554269674908145|03|2226|328
5554265959558742|11|2225|208
5554269277978008|08|2232|929
5554269774919107|12|2232|648
5554264276305205|10|2227|586
5554264027644064|02|2231|154
5554263431790252|06|2232|896
5554261960984494|12|2233|977
5554269650453289|12|2232|943
5554269951540544|09|2233|529
5554265403974426|09|2230|981
5554267977390515|08|2225|833
5554266922311290|01|2225|923
5554265605583270|05|2231|521
5554263846436625|03|2228|457
5554267302933667|07|2228|215
5554265719017369|05|2227|270
5554266349779640|04|2226|565
5554268540530874|02|2231|783
5554262436775167|07|2225|522
5554269722527763|07|2230|750
5554263527201583|05|2229|635
5554266934633222|10|2226|993
5554262543759309|09|2232|378
5554263649121203|03|2226|811
5554266601983821|03|2223|828
5554265545481072|10|2232|154
5554265120319442|05|2225|122
5554262672137322|01|2224|720
5554266961916811|11|2232|650
5554261533799830|03|2229|834
5554264551357625|08|2230|571
5554265776170402|09|2228|438
5554268915478400|07|2228|540
5554261485617008|06|2228|275
5554266129790690|09|2231|711
5554263674714702|04|2231|875
5554265116774934|08|2225|421
5554267195683424|09|2226|449
5554261686036071|06|2232|858
5554265123786946|12|2233|229
5554264958390381|06|2225|219
5554266857933499|07|2229|682
5554262947273016|12|2227|715
5554264808451150|05|2228|772
5554267659600563|02|2226|699
5554263102609412|08|2232|575
5554267568217382|08|2224|769
5554265801030484|01|2226|875
5554268274879857|01|2224|626
5554267009471364|06|2224|377
5554264477961932|12|2231|895
5554268772521491|01|2228|314
5554265062602969|06|2225|192
5554266739606412|07|2225|529
5554262151144548|09|2225|639
5554261750396878|11|2227|225
5554261562541890|11|2231|772
5554261834017246|06|2229|934
5554266656385870|08|2225|151
5554263645387033|09|2231|470
5554266897948122|03|2225|308
5554269041673531|11|2225|908
5554261273024654|05|2223|813
5554269391334391|12|2233|215
5554266799059925|12|2227|646
5554267172700477|01|2230|564
5554264813900055|04|2232|224
5554267787142090|01|2230|369
5554262148307377|11|2223|903
5554267053008861|08|2223|694
5554267963900492|10|2227|126
5554263534608026|03|2227|525
5554268164355610|02|2223|120
5554264561902023|05|2225|871
5554269195353524|02|2227|518
5554268190909443|06|2229|894
5554269992209403|12|2230|315
5554265588034029|10|2228|917
5554268770897785|08|2224|397
5554267253128821|06|2226|790
5554262938287298|03|2227|942
5554263168184753|02|2232|200
5554261697355440|05|2226|251
5554268932434718|06|2225|473
5554269011108572|10|2223|690
5554262713853339|08|2226|311
5554261477184613|03|2224|392
5554263288500716|02|2229|665
5554268996955613|01|2227|173
5554263630947624|03|2228|482
5554263244925027|12|2225|998
5554263867655357|06|2233|244
5554265774565638|10|2224|868
5554261214179801|12|2228|514
5554265021478835|11|2227|600
5554265199142607|03|2223|154
5554266350590274|01|2231|432
5554261547214488|09|2225|254
5554269089921378|05|2226|334
5554265303047506|01|2226|759
5554269341863131|12|2227|361
5554264390085470|11|2230|517
5554265714236507|09|2228|393
5554261413767212|08|2223|266
5554262998309257|02|2226|696
5554263091482267|06|2230|965
5554264029938102|11|2228|282
5554265342720870|06|2233|352
5554269992276765|05|2224|545
5554264278209659|07|2232|320
5554265225404538|08|2223|472
5554262458510727|02|2226|449
5554269286813146|05|2227|527
5554269609161736|08|2225|411
5554265886238546|03|2224|196
5554262460303986|12|2226|843
5554261163600532|03|2232|890
5554262911533603|10|2231|588
5554265392519473|02|2223|113
5554267286042729|05|2229|332
5554265314501902|03|2223|608
5554264451272954|05|2223|273
5554264576138569|07|2231|283
5554267313255446|11|2227|130
5554264323445419|10|2228|178
5554262055553387|06|2229|320
5554263829302826|07|2229|915
5554267948255750|06|2225|838
5554268403602435|08|2224|965
5554264377204655|05|2226|246
5554263740849528|03|2227|404
5554267890203017|04|2233|711
5554265678542303|12|2224|624
5554268958830739|05|2225|699
5554268986866079|04|2233|371
5554263819571669|03|2227|848
5554264344199993|02|2233|655
5554268973269472|03|2224|944
5554269873471313|11|2224|416
5554267043674546|08|2226|522
5554264105167590|10|2230|390
5554268033801827|11|2232|410
5554266799798416|05|2231|400
5554269995784236|02|2226|725
5554268957400718|11|2226|413
5554266331620478|02|2226|693
5554263131542971|04|2232|158
5554268433506104|08|2227|317
5554267019192660|03|2224|934
5554269757945906|09|2223|991
5554269379093880|07|2230|647
5554266058389570|12|2224|623
5554262537674151|01|2233|812
5554269222313144|10|2232|522
5554263481008707|01|2228|672
5554262475507811|09|2225|207
5554264645477224|11|2230|912
5554261296631615|06|2226|335
5554265468722430|02|2226|643
5554269067092012|03|2232|129
5554269068045229|09|2224|422
5554265553046381|07|2232|437
5554266569576820|07|2233|546
5554268896189734|08|2228|542
5554262826788124|08|2225|373
5554267225388733|10|2225|182
5554265020320223|10|2228|988
5554264024433557|05|2230|358
5554262428726649|02|2225|393
5554263019689355|08|2228|722
5554265861212110|03|2232|378
5554263687758480|06|2225|576
5554262645702978|04|2224|297
5554263080286109|09|2227|920
5554261535011318|09|2232|599
5554266210629184|05|2233|342
5554262205064542|03|2229|746
5554264628941597|11|2224|114
5554266745199397|09|2225|160
5554263678902423|01|2223|763
5554269491545877|01|2224|927
5554261760715242|12|2231|483
5554267990325408|02|2223|878
5554262228070489|07|2224|970
5554267653351242|12|2224|222
5554264677279617|12|2223|872
5554264210616580|10|2228|321
5554265602438425|04|2226|548
5554265403872009|04|2233|592
5554264011228442|08|2230|230
5554264157436601|08|2227|945
5554264976422541|03|2232|121
5554263221769736|06|2231|182
5554266781873834|04|2223|816
5554267135511637|05|2227|459
5554266229340107|11|2225|780
5554265035168001|12|2223|307
5554269426061685|04|2227|748
5554268273264083|06|2232|336
5554265214902127|02|2229|419
5554268272735276|08|2228|782
5554266929442901|02|2223|246
5554266981310412|02|2230|346
5554265073025549|02|2223|490
5554269266749247|11|2223|111
5554265559570845|12|2225|755
5554261577312949|08|2229|252
5554263496422267|11|2230|900
5554268362522480|11|2232|112
5554269542739686|02|2233|223
5554265843376217|06|2225|801
5554267676784879|02|2227|721
5554264165826655|06|2224|744
5554267817976450|08|2224|741
5554265583988302|03|2229|575
5554263725290830|08|2224|403
5554265315404810|06|2225|597
5554267050566979|01|2229|752
5554266260599947|05|2226|328
5554261923650673|07|2230|933
5554261770677622|03|2224|327
5554268669845585|03|2223|800
5554264138448966|05|2223|343
5554269693681763|12|2227|715
5554263885583798|06|2224|847
5554264149414476|12|2230|571
5554266010609515|11|2227|239
5554264415243689|04|2229|597
5554269183882957|08|2223|965
5554265465273423|07|2227|616
5554261281382342|12|2231|931
5554265643750598|09|2230|334
5554268304035982|06|2226|171
5554268793450103|05|2225|275
5554265256434667|05|2232|603
5554263821375065|06|2232|639
5554266251225306|07|2224|334
5554268705766844|07|2229|229
5554266737271876|12|2228|220
5554263035112804|09|2224|866
5554268904872951|11|2227|821
5554261972663683|05|2230|774
5554264935533564|06|2226|152
5554267105305917|09|2229|175
5554261783050005|07|2225|615
5554268385576017|01|2228|924
5554262207812901|03|2230|605
5554261222433973|12|2232|653
5554268970947343|11|2226|743
5554262296917538|08|2230|242
5554267662178466|04|2225|934
5554261771985508|11|2229|513
5554267274206328|05|2225|336
5554263423394199|03|2226|461
5554262261996668|08|2233|856
5554261780069419|04|2224|923
5554263165319799|09|2224|569
5554269102024030|07|2231|461
5554262125880165|12|2225|466
5554265051974307|03|2233|433
5554262539696564|07|2227|823
5554262064479005|11|2228|901
5554263893136865|02|2229|376
5554267307728976|09|2227|720
5554263767144816|06|2233|404
5554264918279001|08|2227|931
5554268951595153|07|2231|994
5554266995537509|12|2227|411
5554269338515467|05|2224|860
5554262107571651|01|2233|980
5554264442431328|04|2224|968
5554261339715166|02|2223|228
5554263007450338|10|2226|678
5554264849552824|03|2228|264
5554267157509709|05|2232|186
5554268672984485|10|2230|885
5554262068037109|08|2227|916
5554262980699868|07|2231|241
5554269058806922|07|2223|137
5554265222191113|08|2230|416
5554266486612314|09|2232|163
5554261300029781|12|2229|428
5554267187197168|04|2229|270
5554263338292238|01|2225|177
5554262969854858|10|2223|775
5554269286058208|05|2223|212
5554264134028326|06|2226|463
5554261550212122|02|2228|385
5554268390477210|11|2228|741
5554265721887198|01|2228|961
5554267577608704|06|2229|720
5554264910061572|08|2231|497
5554263168706322|04|2223|275
5554263661956838|04|2226|858
5554264002149373|11|2229|340
5554261246730099|10|2226|890
5554267861145562|07|2225|461
5554262912694231|12|2227|448
5554267207309333|10|2227|785
5554267892581455|07|2223|414
5554261180782062|11|2227|749
5554262615485266|08|2231|263
5554266662862960|12|2224|207
5554269486300080|08|2225|896
5554266463056398|09|2228|751
5554264803204008|12|2226|504
5554264174459429|02|2228|205
5554266740473757|03|2224|561
5554266856593590|12|2223|259
5554264454113055|01|2227|475
5554263891459186|08|2229|422
5554262016956198|08|2225|222
5554265476353810|12|2224|369
5554261192999048|05|2223|129
5554263358155223|09|2229|853
5554269616698360|09|2228|588
5554262484352402|01|2226|201
5554265974833665|04|2231|822
5554267772738398|07|2233|442
5554268240958418|12|2227|569
5554267677371492|02|2230|209
5554266232086719|10|2230|188
5554263697876171|09|2233|588
5554266555727942|01|2226|410
5554265578184514|03|2232|544
5554265042197659|08|2231|325
5554262521107789|12|2233|584
5554266538940230|09|2224|988
5554268230083437|07|2232|422
5554266397743086|05|2225|576
5554266063710986|09|2225|526
5554261920053095|04|2230|661
5554267946028421|02|2230|682
5554264253086200|06|2224|877
